{
  "manuscripts": [
    "Boč",
    "Bosk",
    "DlabSZ",
    "Cist",
    "Dlouh",
    "Hod",
    "Kladr",
    "Kruml",
    "KristSZ",
    "LitSZ",
    "Lobk",
    "LobkSZ",
    "Mik",
    "MikNZ",
    "MikSZ",
    "MikSZMen",
    "Mil",
    "MladPror",
    "Nymb",
    "RajhSZ",
    "Šafh",
    "StenSZ",
    "Talm",
    "Zábl",
    "ZamSZ",
    "ŽaltAuck",
    "BiblŽaltHist",
    "ŽaltFrantKlem",
    "ŽaltHor",
    "ŽaltJieš",
    "ŽaltKlemNez",
    "ŽaltKruml",
    " NK XVII H 14"
  ],
  "similarity_matrix": [
    [
      100.0,
      94.5945945945946,
      87.12241653418124,
      87.75834658187598,
      86.96343402225754,
      84.8966613672496,
      87.91732909379968,
      87.28139904610492,
      81.87599364069952,
      87.28139904610492,
      85.37360890302067,
      81.55802861685216,
      94.5945945945946,
      79.95337995337995,
      91.25596184419715,
      86.00953895071542,
      73.9268680445151,
      90.46104928457869,
      86.00953895071542,
      85.85055643879174,
      87.28139904610492,
      87.44038155802862,
      87.28139904610492,
      84.41971383147853,
      84.57538994800693,
      87.79527559055119,
      88.56152512998267,
      85.05564387917329,
      58.917197452229296,
      87.57961783439491,
      87.28139904610492,
      79.80922098569158,
      88.39427662957074
    ],
    [
      94.5945945945946,
      100.0,
      86.96343402225754,
      87.75834658187598,
      87.28139904610492,
      85.53259141494436,
      88.07631160572336,
      87.5993640699523,
      81.71701112877582,
      87.28139904610492,
      86.16852146263912,
      82.0349761526232,
      95.86645468998411,
      78.78787878787878,
      92.20985691573927,
      86.16852146263912,
      74.24483306836248,
      90.62003179650239,
      86.3275039745628,
      85.85055643879174,
      87.12241653418124,
      87.44038155802862,
      87.5993640699523,
      84.41971383147853,
      85.09532062391682,
      87.99212598425197,
      89.94800693240902,
      85.53259141494436,
      59.71337579617835,
      87.10191082802548,
      87.91732909379968,
      79.80922098569158,
      89.34817170111288
    ],
    [
      87.12241653418124,
      86.96343402225754,
      100.0,
      98.72813990461049,
      97.93322734499205,
      86.80445151033386,
      93.64069952305246,
      98.41017488076311,
      85.37360890302067,
      99.04610492845786,
      96.02543720190779,
      79.01430842607313,
      87.5993640699523,
      83.44988344988346,
      85.85055643879174,
      93.95866454689984,
      78.53736089030207,
      89.82511923688395,
      96.82034976152623,
      86.3275039745628,
      98.09220985691573,
      99.20508744038156,
      98.5691573926868,
      83.6248012718601,
      87.52166377816292,
      97.63779527559055,
      88.56152512998267,
      95.54848966613673,
      58.75796178343949,
      97.77070063694268,
      97.77424483306835,
      82.98887122416534,
      85.69157392686805
    ],
    [
      87.75834658187598,
      87.75834658187598,
      98.72813990461049,
      100.0,
      97.61526232114467,
      87.5993640699523,
      93.64069952305246,
      98.72813990461049,
      85.69157392686805,
      99.04610492845786,
      96.50238473767885,
      79.17329093799682,
      88.23529411764706,
      83.68298368298368,
      86.64546899841018,
      94.4356120826709,
      78.69634340222575,
      90.62003179650239,
      97.2972972972973,
      86.80445151033386,
      98.5691573926868,
      99.20508744038156,
      98.88712241653418,
      84.73767885532591,
      88.38821490467937,
      98.03149606299213,
      89.42807625649914,
      96.18441971383149,
      59.554140127388536,
      98.08917197452229,
      98.25119236883943,
      83.78378378378379,
      86.64546899841018
    ],
    [
      86.96343402225754,
      87.28139904610492,
      97.93322734499205,
      97.61526232114467,
      100.0,
      86.48648648648648,
      93.0047694753577,
      97.61526232114467,
      84.73767885532591,
      97.93322734499205,
      95.38950715421304,
      78.21939586645469,
      87.91732909379968,
      82.75058275058275,
      85.05564387917329,
      93.0047694753577,
      77.58346581875993,
      89.0302066772655,
      95.70747217806041,
      85.85055643879174,
      96.97933227344993,
      98.09220985691573,
      97.77424483306835,
      83.46581875993641,
      87.69497400346621,
      97.04724409448819,
      88.0415944540728,
      94.91255961844197,
      58.28025477707006,
      96.656050955414,
      97.2972972972973,
      82.67090620031796,
      85.05564387917329
    ],
    [
      84.8966613672496,
      85.53259141494436,
      86.80445151033386,
      87.5993640699523,
      86.48648648648648,
      100.0,
      90.62003179650239,
      87.28139904610492,
      82.35294117647058,
      87.28139904610492,
      86.16852146263912,
      75.99364069952306,
      86.16852146263912,
      75.05827505827506,
      83.6248012718601,
      84.26073131955485,
      74.40381558028616,
      87.44038155802862,
      86.48648648648648,
      80.9220985691574,
      87.12241653418124,
      87.44038155802862,
      87.44038155802862,
      90.95238095238095,
      82.32235701906413,
      84.4488188976378,
      84.40207972270363,
      85.85055643879174,
      55.325914149443555,
      86.46496815286623,
      86.48648648648648,
      85.05564387917329,
      81.39904610492846
    ],
    [
      87.91732909379968,
      88.07631160572336,
      93.64069952305246,
      93.64069952305246,
      93.0047694753577,
      90.62003179650239,
      100.0,
      93.95866454689984,
      86.00953895071542,
      94.27662957074722,
      92.05087440381558,
      79.01430842607313,
      88.39427662957074,
      80.65268065268066,
      86.00953895071542,
      89.82511923688395,
      77.58346581875993,
      90.30206677265501,
      92.05087440381558,
      85.37360890302067,
      93.32273449920508,
      94.4356120826709,
      94.11764705882352,
      85.53259141494436,
      87.00173310225303,
      91.53543307086615,
      87.8682842287695,
      90.62003179650239,
      59.39490445859873,
      92.83439490445859,
      92.36883942766295,
      81.39904610492846,
      84.8966613672496
    ],
    [
      87.28139904610492,
      87.5993640699523,
      98.41017488076311,
      98.72813990461049,
      97.61526232114467,
      87.28139904610492,
      93.95866454689984,
      100.0,
      85.21462639109699,
      99.04610492845786,
      96.18441971383149,
      79.01430842607313,
      88.23529411764706,
      82.98368298368298,
      85.85055643879174,
      94.27662957074722,
      78.53736089030207,
      90.46104928457869,
      96.82034976152623,
      86.64546899841018,
      98.41017488076311,
      99.20508744038156,
      99.52305246422894,
      83.94276629570747,
      88.21490467937608,
      98.22834645669292,
      89.08145580589255,
      95.70747217806041,
      59.39490445859873,
      97.92993630573248,
      97.77424483306835,
      83.46581875993641,
      86.3275039745628
    ],
    [
      81.87599364069952,
      81.71701112877582,
      85.37360890302067,
      85.69157392686805,
      84.73767885532591,
      82.35294117647058,
      86.00953895071542,
      85.21462639109699,
      100.0,
      85.69157392686805,
      84.41971383147853,
      74.88076311605724,
      82.1939586645469,
      73.42657342657343,
      80.44515103338632,
      82.82988871224165,
      81.55802861685216,
      81.55802861685216,
      84.8966613672496,
      80.44515103338632,
      85.37360890302067,
      85.85055643879174,
      85.37360890302067,
      79.96820349761526,
      80.93587521663778,
      88.18897637795276,
      80.24263431542461,
      84.26073131955485,
      51.59235668789809,
      84.87261146496814,
      85.05564387917329,
      76.15262321144675,
      79.17329093799682
    ],
    [
      87.28139904610492,
      87.28139904610492,
      99.04610492845786,
      99.04610492845786,
      97.93322734499205,
      87.28139904610492,
      94.27662957074722,
      99.04610492845786,
      85.69157392686805,
      100.0,
      96.66136724960255,
      78.85532591414945,
      87.91732909379968,
      83.21678321678321,
      85.85055643879174,
      94.5945945945946,
      78.37837837837837,
      90.14308426073131,
      97.45627980922097,
      86.48648648648648,
      98.72813990461049,
      99.84101748807632,
      99.20508744038156,
      84.10174880763115,
      88.0415944540728,
      98.03149606299213,
      88.90814558058926,
      96.02543720190779,
      59.076433121019114,
      98.24840764331209,
      97.77424483306835,
      83.46581875993641,
      86.16852146263912
    ],
    [
      85.37360890302067,
      86.16852146263912,
      96.02543720190779,
      96.50238473767885,
      95.38950715421304,
      86.16852146263912,
      92.05087440381558,
      96.18441971383149,
      84.41971383147853,
      96.66136724960255,
      100.0,
      78.69634340222575,
      86.80445151033386,
      81.58508158508158,
      84.26073131955485,
      92.36883942766295,
      78.53736089030207,
      87.91732909379968,
      96.18441971383149,
      85.53259141494436,
      96.66136724960255,
      96.82034976152623,
      96.18441971383149,
      82.0349761526232,
      87.69497400346621,
      95.2755905511811,
      87.17504332755632,
      94.5945945945946,
      58.28025477707006,
      96.01910828025477,
      95.70747217806041,
      82.98887122416534,
      84.41971383147853
    ],
    [
      81.55802861685216,
      82.0349761526232,
      79.01430842607313,
      79.17329093799682,
      78.21939586645469,
      75.99364069952306,
      79.01430842607313,
      79.01430842607313,
      74.88076311605724,
      78.85532591414945,
      78.69634340222575,
      100.0,
      81.87599364069952,
      74.35897435897436,
      79.80922098569158,
      78.060413354531,
      71.38314785373609,
      81.39904610492846,
      78.060413354531,
      79.01430842607313,
      78.69634340222575,
      79.01430842607313,
      79.01430842607313,
      74.88076311605724,
      77.64298093587522,
      80.51181102362204,
      78.85615251299826,
      78.69634340222575,
      56.36942675159236,
      78.98089171974523,
      78.53736089030207,
      73.60890302066773,
      77.26550079491255
    ],
    [
      94.5945945945946,
      95.86645468998411,
      87.5993640699523,
      88.23529411764706,
      87.91732909379968,
      86.16852146263912,
      88.39427662957074,
      88.23529411764706,
      82.1939586645469,
      87.91732909379968,
      86.80445151033386,
      81.87599364069952,
      100.0,
      78.55477855477857,
      92.52782193958664,
      87.28139904610492,
      73.60890302066773,
      90.93799682034977,
      86.80445151033386,
      86.3275039745628,
      87.91732909379968,
      88.07631160572336,
      88.23529411764706,
      84.41971383147853,
      85.2686308492201,
      87.99212598425197,
      90.46793760831889,
      86.00953895071542,
      60.031847133757964,
      87.73885350318471,
      87.91732909379968,
      80.60413354531002,
      89.98410174880763
    ],
    [
      79.95337995337995,
      78.78787878787878,
      83.44988344988346,
      83.68298368298368,
      82.75058275058275,
      75.05827505827506,
      80.65268065268066,
      82.98368298368298,
      73.42657342657343,
      83.21678321678321,
      81.58508158508158,
      74.35897435897436,
      78.55477855477857,
      100.0,
      77.85547785547784,
      80.41958041958041,
      68.53146853146853,
      79.02097902097903,
      81.81818181818183,
      77.3892773892774,
      82.75058275058275,
      83.44988344988346,
      82.98368298368298,
      71.7948717948718,
      78.55477855477857,
      84.74025974025975,
      81.11888111888112,
      80.88578088578089,
      76.86915887850468,
      83.21678321678321,
      82.51748251748252,
      71.7948717948718,
      75.52447552447552
    ],
    [
      91.25596184419715,
      92.20985691573927,
      85.85055643879174,
      86.64546899841018,
      85.05564387917329,
      83.6248012718601,
      86.00953895071542,
      85.85055643879174,
      80.44515103338632,
      85.85055643879174,
      84.26073131955485,
      79.80922098569158,
      92.52782193958664,
      77.85547785547784,
      100.0,
      84.8966613672496,
      72.97297297297297,
      88.87122416534181,
      85.21462639109699,
      84.57869634340223,
      85.85055643879174,
      86.00953895071542,
      85.85055643879174,
      83.30683624801271,
      82.842287694974,
      86.61417322834646,
      87.8682842287695,
      83.94276629570747,
      57.00636942675159,
      85.50955414012739,
      85.85055643879174,
      78.69634340222575,
      87.44038155802862
    ],
    [
      86.00953895071542,
      86.16852146263912,
      93.95866454689984,
      94.4356120826709,
      93.0047694753577,
      84.26073131955485,
      89.82511923688395,
      94.27662957074722,
      82.82988871224165,
      94.5945945945946,
      92.36883942766295,
      78.060413354531,
      87.28139904610492,
      80.41958041958041,
      84.8966613672496,
      100.0,
      76.7885532591415,
      87.28139904610492,
      93.1637519872814,
      85.21462639109699,
      94.27662957074722,
      94.75357710651828,
      94.27662957074722,
      82.1939586645469,
      86.30849220103987,
      96.06299212598425,
      86.82842287694974,
      92.20985691573927,
      56.52866242038217,
      93.94904458598727,
      93.79968203497614,
      82.51192368839428,
      85.05564387917329
    ],
    [
      73.9268680445151,
      74.24483306836248,
      78.53736089030207,
      78.69634340222575,
      77.58346581875993,
      74.40381558028616,
      77.58346581875993,
      78.53736089030207,
      81.55802861685216,
      78.37837837837837,
      78.53736089030207,
      71.38314785373609,
      73.60890302066773,
      68.53146853146853,
      72.97297297297297,
      76.7885532591415,
      100.0,
      74.56279809220986,
      77.74244833068363,
      76.31160572337043,
      78.21939586645469,
      78.53736089030207,
      78.21939586645469,
      72.81399046104929,
      76.25649913344887,
      79.7244094488189,
      72.09705372616985,
      78.53736089030207,
      50.318471337579616,
      78.18471337579618,
      78.85532591414945,
      73.29093799682035,
      72.33704292527821
    ],
    [
      90.46104928457869,
      90.62003179650239,
      89.82511923688395,
      90.62003179650239,
      89.0302066772655,
      87.44038155802862,
      90.30206677265501,
      90.46104928457869,
      81.55802861685216,
      90.14308426073131,
      87.91732909379968,
      81.39904610492846,
      90.93799682034977,
      79.02097902097903,
      88.87122416534181,
      87.28139904610492,
      74.56279809220986,
      100.0,
      88.71224165341812,
      84.8966613672496,
      90.14308426073131,
      90.30206677265501,
      90.62003179650239,
      85.53259141494436,
      82.32235701906413,
      89.96062992125984,
      92.5476603119584,
      88.23529411764706,
      61.78343949044586,
      89.96815286624204,
      89.34817170111288,
      78.37837837837837,
      86.64546899841018
    ],
    [
      86.00953895071542,
      86.3275039745628,
      96.82034976152623,
      97.2972972972973,
      95.70747217806041,
      86.48648648648648,
      92.05087440381558,
      96.82034976152623,
      84.8966613672496,
      97.45627980922097,
      96.18441971383149,
      78.060413354531,
      86.80445151033386,
      81.81818181818183,
      85.21462639109699,
      93.1637519872814,
      77.74244833068363,
      88.71224165341812,
      100.0,
      85.37360890302067,
      97.13831478537361,
      97.61526232114467,
      96.97933227344993,
      82.67090620031796,
      87.00173310225303,
      96.8503937007874,
      87.17504332755632,
      95.70747217806041,
      58.59872611464968,
      96.656050955414,
      96.50238473767885,
      82.51192368839428,
      85.21462639109699
    ],
    [
      85.85055643879174,
      85.85055643879174,
      86.3275039745628,
      86.80445151033386,
      85.85055643879174,
      80.9220985691574,
      85.37360890302067,
      86.64546899841018,
      80.44515103338632,
      86.48648648648648,
      85.53259141494436,
      79.01430842607313,
      86.3275039745628,
      77.3892773892774,
      84.57869634340223,
      85.21462639109699,
      76.31160572337043,
      84.8966613672496,
      85.37360890302067,
      100.0,
      86.16852146263912,
      86.64546899841018,
      86.64546899841018,
      80.7631160572337,
      87.69497400346621,
      86.0236220472441,
      83.88214904679376,
      84.41971383147853,
      57.80254777070064,
      86.30573248407643,
      86.64546899841018,
      82.98887122416534,
      83.6248012718601
    ],
    [
      87.28139904610492,
      87.12241653418124,
      98.09220985691573,
      98.5691573926868,
      96.97933227344993,
      87.12241653418124,
      93.32273449920508,
      98.41017488076311,
      85.37360890302067,
      98.72813990461049,
      96.66136724960255,
      78.69634340222575,
      87.91732909379968,
      82.75058275058275,
      85.85055643879174,
      94.27662957074722,
      78.21939586645469,
      90.14308426073131,
      97.13831478537361,
      86.16852146263912,
      100.0,
      98.88712241653418,
      98.5691573926868,
      83.6248012718601,
      87.8682842287695,
      98.03149606299213,
      88.56152512998267,
      95.70747217806041,
      59.076433121019114,
      97.92993630573248,
      97.77424483306835,
      83.14785373608903,
      86.00953895071542
    ],
    [
      87.44038155802862,
      87.44038155802862,
      99.20508744038156,
      99.20508744038156,
      98.09220985691573,
      87.44038155802862,
      94.4356120826709,
      99.20508744038156,
      85.85055643879174,
      99.84101748807632,
      96.82034976152623,
      79.01430842607313,
      88.07631160572336,
      83.44988344988346,
      86.00953895071542,
      94.75357710651828,
      78.53736089030207,
      90.30206677265501,
      97.61526232114467,
      86.64546899841018,
      98.88712241653418,
      100.0,
      99.36406995230524,
      84.26073131955485,
      88.21490467937608,
      98.22834645669292,
      89.08145580589255,
      96.18441971383149,
      59.23566878980891,
      98.40764331210191,
      97.93322734499205,
      83.6248012718601,
      86.3275039745628
    ],
    [
      87.28139904610492,
      87.5993640699523,
      98.5691573926868,
      98.88712241653418,
      97.77424483306835,
      87.44038155802862,
      94.11764705882352,
      99.52305246422894,
      85.37360890302067,
      99.20508744038156,
      96.18441971383149,
      79.01430842607313,
      88.23529411764706,
      82.98368298368298,
      85.85055643879174,
      94.27662957074722,
      78.21939586645469,
      90.62003179650239,
      96.97933227344993,
      86.64546899841018,
      98.5691573926868,
      99.36406995230524,
      100.0,
      84.10174880763115,
      88.21490467937608,
      98.22834645669292,
      89.08145580589255,
      95.86645468998411,
      59.39490445859873,
      97.77070063694268,
      97.93322734499205,
      83.46581875993641,
      86.3275039745628
    ],
    [
      84.41971383147853,
      84.41971383147853,
      83.6248012718601,
      84.73767885532591,
      83.46581875993641,
      90.95238095238095,
      85.53259141494436,
      83.94276629570747,
      79.96820349761526,
      84.10174880763115,
      82.0349761526232,
      74.88076311605724,
      84.41971383147853,
      71.7948717948718,
      83.30683624801271,
      82.1939586645469,
      72.81399046104929,
      85.53259141494436,
      82.67090620031796,
      80.7631160572337,
      83.6248012718601,
      84.26073131955485,
      84.10174880763115,
      100.0,
      78.85615251299826,
      83.26771653543307,
      82.842287694974,
      82.1939586645469,
      54.213036565977745,
      83.59872611464968,
      83.30683624801271,
      81.55802861685216,
      81.55802861685216
    ],
    [
      84.57538994800693,
      85.09532062391682,
      87.52166377816292,
      88.38821490467937,
      87.69497400346621,
      82.32235701906413,
      87.00173310225303,
      88.21490467937608,
      80.93587521663778,
      88.0415944540728,
      87.69497400346621,
      77.64298093587522,
      85.2686308492201,
      78.55477855477857,
      82.842287694974,
      86.30849220103987,
      76.25649913344887,
      82.32235701906413,
      87.00173310225303,
      87.69497400346621,
      87.8682842287695,
      88.21490467937608,
      88.21490467937608,
      78.85615251299826,
      100.0,
      86.18421052631578,
      83.18890814558058,
      86.30849220103987,
      61.63194444444444,
      87.52166377816292,
      88.73483535528595,
      87.8682842287695,
      81.45580589254766
    ],
    [
      87.79527559055119,
      87.99212598425197,
      97.63779527559055,
      98.03149606299213,
      97.04724409448819,
      84.4488188976378,
      91.53543307086615,
      98.22834645669292,
      88.18897637795276,
      98.03149606299213,
      95.2755905511811,
      80.51181102362204,
      87.99212598425197,
      84.74025974025975,
      86.61417322834646,
      96.06299212598425,
      79.7244094488189,
      89.96062992125984,
      96.8503937007874,
      86.0236220472441,
      98.03149606299213,
      98.22834645669292,
      98.22834645669292,
      83.26771653543307,
      86.18421052631578,
      100.0,
      88.37719298245614,
      96.06299212598425,
      53.05719921104537,
      98.0276134122288,
      98.03149606299213,
      80.90551181102363,
      86.0236220472441
    ],
    [
      88.56152512998267,
      89.94800693240902,
      88.56152512998267,
      89.42807625649914,
      88.0415944540728,
      84.40207972270363,
      87.8682842287695,
      89.08145580589255,
      80.24263431542461,
      88.90814558058926,
      87.17504332755632,
      78.85615251299826,
      90.46793760831889,
      81.11888111888112,
      87.8682842287695,
      86.82842287694974,
      72.09705372616985,
      92.5476603119584,
      87.17504332755632,
      83.88214904679376,
      88.56152512998267,
      89.08145580589255,
      89.08145580589255,
      82.842287694974,
      83.18890814558058,
      88.37719298245614,
      100.0,
      86.82842287694974,
      67.70833333333334,
      88.90814558058926,
      88.0415944540728,
      77.12305025996534,
      85.96187175043327
    ],
    [
      85.05564387917329,
      85.53259141494436,
      95.54848966613673,
      96.18441971383149,
      94.91255961844197,
      85.85055643879174,
      90.62003179650239,
      95.70747217806041,
      84.26073131955485,
      96.02543720190779,
      94.5945945945946,
      78.69634340222575,
      86.00953895071542,
      80.88578088578089,
      83.94276629570747,
      92.20985691573927,
      78.53736089030207,
      88.23529411764706,
      95.70747217806041,
      84.41971383147853,
      95.70747217806041,
      96.18441971383149,
      95.86645468998411,
      82.1939586645469,
      86.30849220103987,
      96.06299212598425,
      86.82842287694974,
      100.0,
      57.961783439490446,
      95.22292993630573,
      95.38950715421304,
      81.39904610492846,
      84.41971383147853
    ],
    [
      58.917197452229296,
      59.71337579617835,
      58.75796178343949,
      59.554140127388536,
      58.28025477707006,
      55.325914149443555,
      59.39490445859873,
      59.39490445859873,
      51.59235668789809,
      59.076433121019114,
      58.28025477707006,
      56.36942675159236,
      60.031847133757964,
      76.86915887850468,
      57.00636942675159,
      56.52866242038217,
      50.318471337579616,
      61.78343949044586,
      58.59872611464968,
      57.80254777070064,
      59.076433121019114,
      59.23566878980891,
      59.39490445859873,
      54.213036565977745,
      61.63194444444444,
      53.05719921104537,
      67.70833333333334,
      57.961783439490446,
      100.0,
      59.17065390749602,
      58.59872611464968,
      50.955414012738856,
      56.36942675159236
    ],
    [
      87.57961783439491,
      87.10191082802548,
      97.77070063694268,
      98.08917197452229,
      96.656050955414,
      86.46496815286623,
      92.83439490445859,
      97.92993630573248,
      84.87261146496814,
      98.24840764331209,
      96.01910828025477,
      78.98089171974523,
      87.73885350318471,
      83.21678321678321,
      85.50955414012739,
      93.94904458598727,
      78.18471337579618,
      89.96815286624204,
      96.656050955414,
      86.30573248407643,
      97.92993630573248,
      98.40764331210191,
      97.77070063694268,
      83.59872611464968,
      87.52166377816292,
      98.0276134122288,
      88.90814558058926,
      95.22292993630573,
      59.17065390749602,
      100.0,
      96.97452229299363,
      83.28025477707006,
      85.98726114649682
    ],
    [
      87.28139904610492,
      87.91732909379968,
      97.77424483306835,
      98.25119236883943,
      97.2972972972973,
      86.48648648648648,
      92.36883942766295,
      97.77424483306835,
      85.05564387917329,
      97.77424483306835,
      95.70747217806041,
      78.53736089030207,
      87.91732909379968,
      82.51748251748252,
      85.85055643879174,
      93.79968203497614,
      78.85532591414945,
      89.34817170111288,
      96.50238473767885,
      86.64546899841018,
      97.77424483306835,
      97.93322734499205,
      97.93322734499205,
      83.30683624801271,
      88.73483535528595,
      98.03149606299213,
      88.0415944540728,
      95.38950715421304,
      58.59872611464968,
      96.97452229299363,
      100.0,
      83.78378378378379,
      85.85055643879174
    ],
    [
      79.80922098569158,
      79.80922098569158,
      82.98887122416534,
      83.78378378378379,
      82.67090620031796,
      85.05564387917329,
      81.39904610492846,
      83.46581875993641,
      76.15262321144675,
      83.46581875993641,
      82.98887122416534,
      73.60890302066773,
      80.60413354531002,
      71.7948717948718,
      78.69634340222575,
      82.51192368839428,
      73.29093799682035,
      78.37837837837837,
      82.51192368839428,
      82.98887122416534,
      83.14785373608903,
      83.6248012718601,
      83.46581875993641,
      81.55802861685216,
      87.8682842287695,
      80.90551181102363,
      77.12305025996534,
      81.39904610492846,
      50.955414012738856,
      83.28025477707006,
      83.78378378378379,
      100.0,
      77.74244833068363
    ],
    [
      88.39427662957074,
      89.34817170111288,
      85.69157392686805,
      86.64546899841018,
      85.05564387917329,
      81.39904610492846,
      84.8966613672496,
      86.3275039745628,
      79.17329093799682,
      86.16852146263912,
      84.41971383147853,
      77.26550079491255,
      89.98410174880763,
      75.52447552447552,
      87.44038155802862,
      85.05564387917329,
      72.33704292527821,
      86.64546899841018,
      85.21462639109699,
      83.6248012718601,
      86.00953895071542,
      86.3275039745628,
      86.3275039745628,
      81.55802861685216,
      81.45580589254766,
      86.0236220472441,
      85.96187175043327,
      84.41971383147853,
      56.36942675159236,
      85.98726114649682,
      85.85055643879174,
      77.74244833068363,
      100.0
    ]
  ],
  "distance_matrix": [
    [
      0.0,
      5.4054054054054035,
      12.87758346581876,
      12.241653418124017,
      13.036565977742455,
      15.103338632750393,
      12.08267090620032,
      12.718600953895077,
      18.12400635930048,
      12.718600953895077,
      14.626391096979333,
      18.441971383147845,
      5.4054054054054035,
      20.04662004662005,
      8.744038155802855,
      13.990461049284576,
      26.073131955484897,
      9.538950715421308,
      13.990461049284576,
      14.149443561208258,
      12.718600953895077,
      12.55961844197138,
      12.718600953895077,
      15.580286168521468,
      15.42461005199307,
      12.204724409448815,
      11.43847487001733,
      14.944356120826711,
      41.082802547770704,
      12.42038216560509,
      12.718600953895077,
      20.19077901430842,
      11.60572337042926
    ],
    [
      5.4054054054054035,
      0.0,
      13.036565977742455,
      12.241653418124017,
      12.718600953895077,
      14.467408585055637,
      11.923688394276638,
      12.400635930047699,
      18.282988871224177,
      12.718600953895077,
      13.83147853736088,
      17.9650238473768,
      4.13354531001589,
      21.212121212121218,
      7.790143084260734,
      13.83147853736088,
      25.75516693163752,
      9.379968203497612,
      13.672496025437198,
      14.149443561208258,
      12.87758346581876,
      12.55961844197138,
      12.400635930047699,
      15.580286168521468,
      14.90467937608318,
      12.00787401574803,
      10.051993067590985,
      14.467408585055637,
      40.28662420382165,
      12.898089171974519,
      12.08267090620032,
      20.19077901430842,
      10.651828298887125
    ],
    [
      12.87758346581876,
      13.036565977742455,
      0.0,
      1.2718600953895134,
      2.066772655007952,
      13.195548489666137,
      6.3593004769475385,
      1.5898251192368917,
      14.626391096979333,
      0.953895071542135,
      3.974562798092208,
      20.98569157392687,
      12.400635930047699,
      16.55011655011654,
      14.149443561208258,
      6.04133545310016,
      21.462639109697932,
      10.17488076311605,
      3.1796502384737693,
      13.672496025437198,
      1.90779014308427,
      0.7949125596184388,
      1.4308426073131955,
      16.375198728139907,
      12.478336221837083,
      2.3622047244094517,
      11.43847487001733,
      4.451510333863268,
      41.24203821656051,
      2.229299363057322,
      2.2257551669316484,
      17.011128775834663,
      14.308426073131955
    ],
    [
      12.241653418124017,
      12.241653418124017,
      1.2718600953895134,
      0.0,
      2.3847376788553305,
      12.400635930047699,
      6.3593004769475385,
      1.2718600953895134,
      14.308426073131955,
      0.953895071542135,
      3.4976152623211476,
      20.826709062003175,
      11.764705882352942,
      16.317016317016325,
      13.35453100158982,
      5.5643879173291,
      21.30365659777425,
      9.379968203497612,
      2.7027027027026946,
      13.195548489666137,
      1.4308426073131955,
      0.7949125596184388,
      1.112877583465817,
      15.26232114467409,
      11.611785095320627,
      1.968503937007867,
      10.57192374350086,
      3.8155802861685117,
      40.445859872611464,
      1.9108280254777128,
      1.7488076311605738,
      16.21621621621621,
      13.35453100158982
    ],
    [
      13.036565977742455,
      12.718600953895077,
      2.066772655007952,
      2.3847376788553305,
      0.0,
      13.513513513513516,
      6.995230524642295,
      2.3847376788553305,
      15.26232114467409,
      2.066772655007952,
      4.610492845786965,
      21.78060413354531,
      12.08267090620032,
      17.24941724941725,
      14.944356120826711,
      6.995230524642295,
      22.416534181240067,
      10.969793322734503,
      4.292527821939586,
      14.149443561208258,
      3.020667726550073,
      1.90779014308427,
      2.2257551669316484,
      16.53418124006359,
      12.305025996533786,
      2.9527559055118076,
      11.958405545927207,
      5.087440381558025,
      41.71974522292994,
      3.3439490445859974,
      2.7027027027026946,
      17.329093799682042,
      14.944356120826711
    ],
    [
      15.103338632750393,
      14.467408585055637,
      13.195548489666137,
      12.400635930047699,
      13.513513513513516,
      0.0,
      9.379968203497612,
      12.718600953895077,
      17.64705882352942,
      12.718600953895077,
      13.83147853736088,
      24.006359300476944,
      13.83147853736088,
      24.941724941724942,
      16.375198728139907,
      15.73926868044515,
      25.596184419713836,
      12.55961844197138,
      13.513513513513516,
      19.0779014308426,
      12.87758346581876,
      12.55961844197138,
      12.55961844197138,
      9.047619047619051,
      17.67764298093587,
      15.551181102362193,
      15.597920277296367,
      14.149443561208258,
      44.674085850556445,
      13.535031847133766,
      13.513513513513516,
      14.944356120826711,
      18.60095389507154
    ],
    [
      12.08267090620032,
      11.923688394276638,
      6.3593004769475385,
      6.3593004769475385,
      6.995230524642295,
      9.379968203497612,
      0.0,
      6.04133545310016,
      13.990461049284576,
      5.723370429252782,
      7.949125596184416,
      20.98569157392687,
      11.60572337042926,
      19.347319347319342,
      13.990461049284576,
      10.17488076311605,
      22.416534181240067,
      9.69793322734499,
      7.949125596184416,
      14.626391096979333,
      6.677265500794917,
      5.5643879173291,
      5.882352941176478,
      14.467408585055637,
      12.998266897746973,
      8.464566929133852,
      12.131715771230503,
      9.379968203497612,
      40.60509554140127,
      7.165605095541409,
      7.631160572337052,
      18.60095389507154,
      15.103338632750393
    ],
    [
      12.718600953895077,
      12.400635930047699,
      1.5898251192368917,
      1.2718600953895134,
      2.3847376788553305,
      12.718600953895077,
      6.04133545310016,
      0.0,
      14.785373608903015,
      0.953895071542135,
      3.8155802861685117,
      20.98569157392687,
      11.764705882352942,
      17.016317016317018,
      14.149443561208258,
      5.723370429252782,
      21.462639109697932,
      9.538950715421308,
      3.1796502384737693,
      13.35453100158982,
      1.5898251192368917,
      0.7949125596184388,
      0.4769475357710604,
      16.05723370429253,
      11.785095320623924,
      1.7716535433070817,
      10.918544194107454,
      4.292527821939586,
      40.60509554140127,
      2.0700636942675175,
      2.2257551669316484,
      16.53418124006359,
      13.672496025437198
    ],
    [
      18.12400635930048,
      18.282988871224177,
      14.626391096979333,
      14.308426073131955,
      15.26232114467409,
      17.64705882352942,
      13.990461049284576,
      14.785373608903015,
      0.0,
      14.308426073131955,
      15.580286168521468,
      25.11923688394276,
      17.806041335453102,
      26.573426573426573,
      19.554848966613676,
      17.170111287758345,
      18.441971383147845,
      18.441971383147845,
      15.103338632750393,
      19.554848966613676,
      14.626391096979333,
      14.149443561208258,
      14.626391096979333,
      20.031796502384736,
      19.064124783362217,
      11.811023622047244,
      19.75736568457539,
      15.73926868044515,
      48.40764331210191,
      15.127388535031855,
      14.944356120826711,
      23.847376788553248,
      20.826709062003175
    ],
    [
      12.718600953895077,
      12.718600953895077,
      0.953895071542135,
      0.953895071542135,
      2.066772655007952,
      12.718600953895077,
      5.723370429252782,
      0.953895071542135,
      14.308426073131955,
      0.0,
      3.3386327503974513,
      21.144674085850554,
      12.08267090620032,
      16.783216783216787,
      14.149443561208258,
      5.4054054054054035,
      21.621621621621628,
      9.856915739268686,
      2.543720190779027,
      13.513513513513516,
      1.2718600953895134,
      0.15898251192368207,
      0.7949125596184388,
      15.898251192368846,
      11.958405545927207,
      1.968503937007867,
      11.091854419410737,
      3.974562798092208,
      40.923566878980886,
      1.7515923566879081,
      2.2257551669316484,
      16.53418124006359,
      13.83147853736088
    ],
    [
      14.626391096979333,
      13.83147853736088,
      3.974562798092208,
      3.4976152623211476,
      4.610492845786965,
      13.83147853736088,
      7.949125596184416,
      3.8155802861685117,
      15.580286168521468,
      3.3386327503974513,
      0.0,
      21.30365659777425,
      13.195548489666137,
      18.414918414918418,
      15.73926868044515,
      7.631160572337052,
      21.462639109697932,
      12.08267090620032,
      3.8155802861685117,
      14.467408585055637,
      3.3386327503974513,
      3.1796502384737693,
      3.8155802861685117,
      17.9650238473768,
      12.305025996533786,
      4.7244094488189035,
      12.824956672443676,
      5.4054054054054035,
      41.71974522292994,
      3.9808917197452303,
      4.292527821939586,
      17.011128775834663,
      15.580286168521468
    ],
    [
      18.441971383147845,
      17.9650238473768,
      20.98569157392687,
      20.826709062003175,
      21.78060413354531,
      24.006359300476944,
      20.98569157392687,
      20.98569157392687,
      25.11923688394276,
      21.144674085850554,
      21.30365659777425,
      0.0,
      18.12400635930048,
      25.641025641025635,
      20.19077901430842,
      21.939586645469006,
      28.61685214626391,
      18.60095389507154,
      21.939586645469006,
      20.98569157392687,
      21.30365659777425,
      20.98569157392687,
      20.98569157392687,
      25.11923688394276,
      22.357019064124785,
      19.488188976377955,
      21.143847487001736,
      21.30365659777425,
      43.63057324840764,
      21.01910828025477,
      21.462639109697932,
      26.391096979332275,
      22.734499205087445
    ],
    [
      5.4054054054054035,
      4.13354531001589,
      12.400635930047699,
      11.764705882352942,
      12.08267090620032,
      13.83147853736088,
      11.60572337042926,
      11.764705882352942,
      17.806041335453102,
      12.08267090620032,
      13.195548489666137,
      18.12400635930048,
      0.0,
      21.445221445221435,
      7.472178060413356,
      12.718600953895077,
      26.391096979332275,
      9.062003179650233,
      13.195548489666137,
      13.672496025437198,
      12.08267090620032,
      11.923688394276638,
      11.764705882352942,
      15.580286168521468,
      14.731369150779898,
      12.00787401574803,
      9.532062391681109,
      13.990461049284576,
      39.968152866242036,
      12.261146496815286,
      12.08267090620032,
      19.39586645468998,
      10.015898251192368
    ],
    [
      20.04662004662005,
      21.212121212121218,
      16.55011655011654,
      16.317016317016325,
      17.24941724941725,
      24.941724941724942,
      19.347319347319342,
      17.016317016317018,
      26.573426573426573,
      16.783216783216787,
      18.414918414918418,
      25.641025641025635,
      21.445221445221435,
      0.0,
      22.144522144522156,
      19.580419580419587,
      31.468531468531467,
      20.979020979020973,
      18.181818181818173,
      22.610722610722604,
      17.24941724941725,
      16.55011655011654,
      17.016317016317018,
      28.205128205128204,
      21.445221445221435,
      15.259740259740255,
      18.88111888111888,
      19.11421911421911,
      23.130841121495322,
      16.783216783216787,
      17.48251748251748,
      28.205128205128204,
      24.47552447552448
    ],
    [
      8.744038155802855,
      7.790143084260734,
      14.149443561208258,
      13.35453100158982,
      14.944356120826711,
      16.375198728139907,
      13.990461049284576,
      14.149443561208258,
      19.554848966613676,
      14.149443561208258,
      15.73926868044515,
      20.19077901430842,
      7.472178060413356,
      22.144522144522156,
      0.0,
      15.103338632750393,
      27.02702702702703,
      11.128775834658185,
      14.785373608903015,
      15.421303656597772,
      14.149443561208258,
      13.990461049284576,
      14.149443561208258,
